    K = [749.642742046463 * 0.5, 0.0, 539.67454188334 * 0.5; ...
           0.0, 718.738253774844 * 0.5, 410.819033898981 * 0.5; ...
           0.0, 0.0, 1.0
        ]
    
    P = [0.240916346826877;0.342909365005773;0.0799519915105255];
    
    Ppixel = K * P 